2

00001010001111110001
10010101000111110001
10010100011111100001
11111111111111111111
11111111111111111111
00000000011111110011
00101001010101111111
11111111111111111111
11111111111111111111
11111100000000000000
11111000000001001001
10111111110000011111
11111100001110001010
11001001010010011111
11111111111111111111
11111111111111111111
11111111111111111111
11111111111111111111
11111111111111111111
11111111111111111111

111111111
000000000
000000000
000000000
000000000
000000000
000000000
000000000
000000000
